Iteration: 0, Loss = 3327742.4580043
Iteration: 1, Loss = 3062437.737649659
Iteration: 2, Loss = 2877772.1903690915
Iteration: 3, Loss = 2799452.1861346452
