Iteration: 0, Loss = 461280.77568686695
Iteration: 1, Loss = 311870.95161749166
Iteration: 2, Loss = 452970.35443101573
